1001363
1002639
1003528
1004313
1004450
1005373
1005952
1006006
1007627
1009842
1010333
1010543
1010991
1011644
1012688
1015173
1015781
1016166
1017281
1020507
1022900
1024624
1025916
1027334
1028023
1029674
1031765
1032320
1033154
1036196
1037415
1038104
1039201
1040235
104040
1041736
1041833
1044575
1044751
104786
1048498
1051781
1052549
1053052
1055486
1055911
1056556
1056628
1058033
1058183
1060057
1060095
1060416
1061272
1063596
1063810
1064149
1065080
1065214
1066986
1067559
1068232
1068616
1069095
1069162
1069436
1071491
1072476
1074213
1074648
1075434
1079449
1080930
1081430
1081954
1081958
1082098
1082200
1082418
1083283
1084816
1085497
1087908
1087956
1088633
1090111
1090371
1091426
1095373
1096553
1097495
1098487
1098871
1101760
1102325
1102525
1104502
1105080
1105423
1107475
110798
1109210
1110716
1111955
1113690
1115767
1116148
1116412
1118678
111933
1120632
1121355
1122003
1122821
1124827
1125778
1126447
1126978
1127852
1129973
1130278
1133227
1133728
1133789
1135063
1135613
1136731
113802
1139415
1140618
11436
1146022
114613
1148132
1151234
1151835
1152044
115612
1156750
1157260
1157420
1157599
1158100
1158266
1158677
1161407
1165163
116553
116638
1166935
1168161
116835
1168583
1170501
1170505
1171659
1173386
1173605
1174545
1174585
1175628
1175645
1176009
1176885
1176967
1178370
1178952
1179212
1180687
1184372
1184702
1185739
1186426
1188455
1189295
1189600
1192550
1194145
1194232
1195647
1195698
1196298
119885
1199016
120006
1200164
1200241
1200668
1201009
1201477
1201771
1202492
1205270
1205460
1207314
1207470
1207728
1208719
1208793
1208942
121098
1211240
1211818
1212711
1213132
1213374
121348
1213743
1214220
1217199
1217769
1218586
1219079
1220186
1220368
1221121
1221194
1221300
1221925
1222845
1222934
1223460
1224136
1225098
1225173
1227285
1227637
1228197
123115
1232369
1232961
1233140
1233197
1233899
1234508
1235242
1236469
123661
1237920
1238902
1239139
1239635
1241043
1241336
1242295
1243389
124502
1245198
1245434
1245633
1246342
124726
1249619
1250860
1251035
1251595
1252816
1256092
1256215
1256753
1256863
12580
1258619
1258620
1259218
1259850
1263306
1263844
1265355
1266412
1266720
1267125
1267644
1269506
1270560
1270951
1271156
1273173
1274215
1277340
1277435
1279150
1279647
1280296
1281549
1281618
1282524
1283490
1285144
128592
1287390
1288882
1292442
1294827
1296289
1297040
1297598
1297772
1297815
1298390
1300332
1301263
1302236
1302282
1303127
1304846
1305907
1308498
1308787
1311344
1311360
1313040
1313094
1313871
1314944
1315063
1316439
1317533
1317704
1318109
131813
1318343
132320
1323583
1323678
1324154
1325515
1325694
1326374
1327126
1332272
1334280
1336278
1339749
134430
1344844
1345372
1350344
1350509
1351185
135178
1352921
1353191
1355115
1355282
1355788
1357113
1359641
136099
1361467
1362294
1364629
1365357
136582
1367072
1367621
1371700
1371969
1372395
1374075
1374445
137496
1378289
1380214
1380231
1381173
1381682
1384331
138608
1386444
1387546
1387839
1388861
138912
1391880
1395844
139627
139665
1398588
1398602
1398910
1399003
1400264
1400590
1400863
1400961
1402683
1402686
1402869
1403366
1405577
1408062
1408476
1409011
1409039
1409339
1411814
1412080
1412507
1416674
1417632
1418284
141943
1419447
1419900
1421616
1422155
142270
1423645
1426990
142834
1428416
1429537
1429754
14300
1431231
1431251
1432872
143400
1434615
1435311
1437571
143969
144127
144211
1447381
1447970
1449407
1450789
1451004
1451734
1451969
1451969
145449
1458966
1460625
1461569
1461636
1463013
1463605
1466309
1467015
1467607
1468189
1468377
1468884
1469473
1470726
1470959
1472973
1473664
1474991
1475349
1477631
1481567
1482720
1483119
1483441
1483453
148371
1484356
1490762
1492805
1493387
1493820
1495655
1497774
1498610
1498793
149953
1499532
1500054
1500470
1500964
1502482
1502771
1503543
1506057
1509948
1510588
1510856
1511463
1511719
151201
1512485
151300
1515300
1517904
1517934
1518792
1518958
151896
1519381
152028
1521124
1521963
1522787
1524148
1525447
1526382
152811
1528489
1529322
1530628
1530790
1530929
1532545
1534566
1535608
1536202
1540640
1541292
154185
1542312
1546329
154652
1547359
1548480
1549969
1550365
1554510
1554839
1555649
1556723
1556945
1559296
1559501
1561088
1561679
156244
1563784
1565240
1567221
156731
1567461
156769
1567841
1567887
1568401
1568847
1570050
1571028
157136
1572950
1575551
1575643
1576540
1576542
1576830
157726
1577505
157914
1579446
1579891
1580021
1584016
1586758
1587680
1588448
1589415
1590509
1590941
1590956
1591450
1592350
159325
159427
1594357
159536
1598276
1598826
1599103
1601213
1601653
1602084
1604403
1604594
160709
1608146
1608609
1608752
161049
161088
1611102
1612586
1613162
1613611
1613697
1613807
1613809
161409
1614189
1614292
1615786
1616463
1616801
1617410
1618054
1618761
1618798
1618843
1618876
1619137
1620367
1620909
1623705
1623927
1624896
1625788
1626225
1628486
1629331
1629390
1629536
1630283
1631806
1632271
1633044
1636112
1636996
1638071
1639464
1639507
1640429
1642491
1642873
1643901
1644151
1644633
1646115
1646309
1647479
1648538
1649666
1650114
1650795
1651217
1651257
1652555
1653704
1653777
16541
1654574
1654625
1656397
1660293
1660580
1662130
1662134
1662785
1663286
1663570
1663910
1664232
1665733
1666004
1666155
1666897
1668379
1670677
1671302
1671371
1671847
1671921
167225
1673303
1675107
167763
1680334
1680671
1682446
1683842
168420
1687430
1687989
1690296
1691429
169158
1692022
169361
1694551
1695413
1696900
1697478
1698372
1699962
1700015
1702225
1702710
1702932
1703560
1707013
1707724
1709120
1709818
1710323
1711162
1712550
1712551
1712869
1715093
1716697
1717316
1719455
171996
1720039
1721636
172238
1722641
1722703
1723866
1724489
1727639
1728496
1730536
1733177
1734386
1735529
1735935
1741072
1741092
1742583
1742917
1745257
1748522
1749032
1750047
1750714
175157
1753132
1756629
1757810
1758388
1760545
176204
1762428
1762635
1763371
1768921
1769454
1770922
1774518
1774700
1774700
1776228
1777633
1779443
1780898
1782323
1782326
17841
1785563
1785595
1785970
1786005
1786660
1787991
1789208
1790333
1791059
1792835
1793716
1794989
1795158
1795847
1796005
1797203
1797421
1798027
1798762
1799253
1800331
1801158
1802144
180273
1804246
1804280
1805044
1805439
1808667
1809130
1811529
1811610
1812684
1813099
1813464
1813970
1815809
1817762
1819484
1819825
1820712
1821040
1821410
1824597
1828858
1830281
1831102
1831525
1831775
183204
1833768
1836193
1836838
1837045
1837450
1839068
1840324
1840328
1841227
1841647
1842163
1842304
1843840
1844754
1845083
184575
1845914
1845994
184673
1847178
18505
1851
1852621
1854115
185488
185515
1857715
1857808
1858109
1858439
1860239
1860713
1861186
1861343
1863778
1865261
1865350
1865470
1866105
1867106
1869191
186977
187
1871137
187335
1875080
1875712
1876404
1879276
1879408
1881136
1882415
1883324
1887061
1889825
1890050
1890535
1890565
1891131
1894671
1896158
1896655
1897659
1898046
1900043
190015
1900262
1900377
1901155
1903917
1904068
1904319
1905588
1905952
1907523
1908630
1909480
1910341
1911991
1912006
1912123
1913676
1913725
1913992
1915696
1917306
1919008
1919009
1919770
1920306
1921239
1922101
1922310
1923001
192321
1923783
1925657
1926136
1926804
192871
1928876
1929205
1929216
1931340
1932748
1935883
1935916
1936042
1938191
1940937
1941193
1941256
194150
1942473
1945506
194560
1946333
1946712
1947022
1947272
1947327
1949470
1950415
1950421
1952161
1952261
1952697
1953699
1955731
1955920
1956532
1956941
1956994
195739
1957532
1959006
1959296
1961519
1961544
1961794
1963956
1964119
1964229
1964418
196465
196647
1968186
19698
1970051
197159
197170
1971930
1974612
1974696
1975315
1975478
1975776
1975950
1976570
1976652
1980277
1980790
1981257
198265
1984210
1984604
1985994
1987114
1987405
198743
1987868
1988009
1989137
1990625
19915
1991864
1993170
1993473
1994851
1995567
1997478
1997811
1998266
1999051
2000024
2000056
2000821
2002746
2003020
2003090
2003302
200443
2004768
2007473
2008429
2008572
2008601
2008861
2010266
2010964
2011316
2011349
2013595
201429
2015223
2017093
2017311
2018300
2018322
2019524
2021344
2022664
2025205
2025640
2026254
2029738
2032219
2032489
2033731
2036643
2037600
2037757
2039032
2039680
2042478
2042664
2042722
2043560
2043640
2044330
2044909
2046919
2047423
2047756
204793
2048402
2048503
2048643
2050555
2050879
2052657
2053912
2055566
2058674
2059532
2059747
2060296
2060525
2064925
2068657
2071235
2072320
2073928
2074745
2075332
2075407
2075490
2078548
2080039
2081600
2084466
2086904
2088149
209071
2091010
2092639
2092741
2092921
209406
2094166
2094855
2094890
2095262
2095716
209597
2097417
209742
2097560
2098268
209961
2099695
2100632
2101589
2101653
210319
2103574
2105120
2107540
2107763
210793
2108287
2108795
2109354
2110662
2111519
2112000
2114466
2115093
211513
2115640
2116200
2117616
2118391
2119962
2120595
2120877
2120888
2121798
2122001
2122158
2122632
2123405
2125058
2125704
2126550
2127287
2128148
212828
212932
2129965
2130522
2131060
2131172
2133118
2133986
2134214
213595
2137901
2139071
2139196
2140364
214086
214484
2145012
2146776
2150418
2150901
2152239
2152288
2153095
2154232
2156710
2157055
2157173
2162214
2163431
2163565
2164319
2164497
2164975
2165735
216728
216822
2168405
2169783
2170100
2170734
2170940
2172985
2173920
2175490
217614
2179511
2179725
2180875
2181562
2183376
2184196
2184330
2184603
21860
2187716
2187841
2187864
2188484
218862
2188832
2189032
2189683
219014
2193820
219582
2196210
2198988
220050
220053
2202256
2202423
2203189
2205858
2207591
2211424
22119
221223
2213918
2215906
2216912
2221391
2222702
2227199
2227398
2228013
2229474
2229610
2230736
2230904
2231511
2231868
2232526
2233885
2234510
2234582
2236593
223697
2239935
2240755
2241052
2241397
2241517
2242555
224269
2242858
2243281
2243616
2244920
224683
2247908
2247934
2248504
2249059
2249160
2250284
2251901
2253101
2253412
2253939
225566
2256376
2257957
2258253
2258528
2258959
2259541
2263440
2264453
2265207
2265618
2266264
2268530
2270207
2270402
2270773
2272499
2273956
2275413
227555
2276034
2276120
2276461
2279098
227989
2285376
2288303
2290021
2290157
229314
2293757
2294499
2298463
2300278
2300593
2301911
2302
2302765
2303048
2303460
2305133
2305192
2305244
2306494
2306833
2307356
2308634
2309490
230951
2310195
231170
2311782
2311934
2312058
2313286
2313728
2314941
2315035
2315089
231512
2315444
2316350
231639
2317680
2317820
2318188
231914
2320070
2320155
2321055
2321991
2322654
2323171
2323276
2324797
2325812
2326536
232672
2326854
2328945
2330746
2331103
2334223
2334326
2336022
233695
2337755
2339745
2341220
2343341
2344103
2344245
2344318
2347637
2348358
2348389
234844
2348696
2352597
2353033
2353197
2353357
2353829
2353986
2355215
235819
2361842
2363124
2363382
2363536
236470
2364772
2365588
2366939
2367333
2368389
2370509
2371362
2372152
2375555
2377176
237788
237834
2378539
2378862
2379307
2379440
2382323
2382852
2384187
2384705
2384770
2386130
2386619
2386654
23868
2388771
2388916
2390299
2391513
2392001
2392179
2394774
239638
2397192
2398202
2400849
2404979
2407233
2407343
2408178
2408929
2410239
2410815
2410891
2411907
241402
2414307
2414513
2415908
241610
2416582
2417110
2417242
241879
2421285
2422187
2422226
2422228
242350
2424026
2424355
2425325
2426188
2426854
2428730
2430500
2431251
2431670
2433895
2436263
2436595
2439565
2440521
2442488
2443231
2443271
2446273
2446364
244749
2448472
2448803
2450799
2452457
24527
2452892
2453247
2454883
2457781
245858
245957
2459892
2460240
24604
2461794
2462046
2462155
2463124
2463387
2463401
2464760
2466192
2466226
2466339
2467107
2469845
2470464
247313
2473149
2473209
2473651
2477427
2477638
2478526
2478571
2479918
248025
2480471
2481279
2482183
2483229
2485060
2486489
2489008
2490366
2490500
2491101
2491605
2492303
2492462
2493580
2494583
2495108
2495906
2497262
2497667
2497976
249904
2499419
2500488
2501524
2501864
2503274
2504542
2504926
2505535
250622
2506536
2506850
2507161
2507631
2507837
2508326
2509023
2510496
2510521
2511521
2511892
2516075
2516447
2516448
2516709
2517889
2523677
2523888
2527092
252723
2527777
2528039
2530690
2531651
2533139
253476
2534938
2535245
2535382
2535619
2540631
2540635
2541161
2542605
2542846
2543360
254452
2545815
2545836
2546985
2549329
2550852
2551499
2552877
2554329
2554565
2556557
25573
2557384
2558816
2559247
2561013
2562734
2563152
2563454
2564928
2567650
2568444
2568669
2568876
2570016
2570279
2570367
2571042
2571135
2575610
2575740
2576524
2576745
2578097
2579318
2583127
2583211
2585418
2585560
2585951
2586101
2587044
2587846
2587990
2590230
2590397
2590512
2591918
2595728
2596167
2596177
2596874
2596978
2596984
2597086
259865
2599761
2599996
2600917
260141
2601858
2603125
2604599
2605125
2608031
2608665
2609075
261102
2614159
261553
2615773
2615909
2616064
26161
2617224
2619108
2619426
261978
2620122
2621017
2621191
2621232
2621846
2623140
2626017
2629495
2632341
2635230
2635586
2635590
2635853
2638279
2639749
2641237
2645509
264729
2648899
2650478
2651975
2653048
2653380
2653422
2654086
2654148
2654836
2654840
2656353
2657817
2658249
2658458
265946
2659669
2660054
2660111
2660815
2660920
2662929
2663025
2663347
2663568
2663780
2664580
2665246
2665912
266602
2666208
2666842
2666928
2667644
2669217
2669576
2669949
2670704
2672015
2672408
2672424
2672505
2672543
2674047
267526
2676224
2678302
2678400
2678653
2679200
26798
2679984
2680076
2683484
2686384
2687043
2687266
2687850
2688589
2691107
2692373
2693533
2694908
2695173
2695179
2695892
2695916
269801
2698805
2699433
2700045
2700544
2700573
2702927
2703056
270392
2705435
2706496
2706499
2707642
270864
2709537
2711818
2711851
2714577
2715107
2716577
2717050
2717194
2717564
2717880
2718172
2718525
2718820
2719619
2721874
2722401
2723344
272412
2725433
2728306
2730452
2730665
2731503
2733040
2733195
2733283
2733379
2736429
2738786
2738847
2740912
2741599
2742260
2742314
2742438
2742445
2743342
2743962
2744540
2744797
2744873
2744876
2745131
2745632
2749115
2750911
2756735
2757289
275734
275832
2758551
2759072
275926
2759859
2759980
2760944
2762230
2762376
2762591
2763424
2764913
2767207
2768110
2768737
2768924
2769104
2771148
2771419
2771852
2772123
2773708
2774115
2774395
2775746
2776042
2779564
2780146
2781074
2785814
2786342
279143
2791798
2793495
2794013
2794132
2794660
279496
2795113
2795598
2799614
2799749
2800199
2800412
280064
2800794
2802418
2802679
2803377
2805029
2805508
2807118
2808521
2809256
2810851
2813639
2814576
2814611
2816634
2816832
2816915
2818055
2818975
2821304
2821974
282401
282538
2826403
2826414
2827751
2829196
2829342
2830198
2830416
2830786
2832329
28332
2834422
283644
283712
2839409
2839566
2839932
2841007
2841558
2844052
2845182
284560
2845902
2845923
2846860
2847007
2847770
2849834
2849980
2850848
2851020
2851192
2851805
2853156
2853740
2854161
2855271
285538
2855512
2855667
2855768
2855802
2857873
285915
2860421
2860652
2862474
2862513
2865374
2866604
2869105
2869211
286942
286950
2870490
2871467
2871789
2873487
2873679
2875695
2876931
2877078
2877154
2877454
2877594
2879124
2879770
2881270
2881375
2882307
288232
2882622
2882930
2883336
288361
2883784
2883939
2884678
2885164
2886145
2886235
2886436
2886893
2889193
2889575
2891447
2891687
289197
2892447
2892504
2893612
2897127
2897553
2900033
2900210
2900332
2901647
2902134
2902384
2903413
2904125
2905763
2906049
2906060
2906380
2906570
2910732
2911629
2911640
2912242
2914381
2915321
2915364
2916166
2916675
292063
2920802
2921510
2922807
2923207
2925507
2926254
2929692
2930530
2930572
2930777
2932454
2932471
2932628
2932651
2934626
2934810
2934811
2934972
2937034
2937515
2940021
2940145
2940953
2942490
2943923
2944341
2944402
2944662
2945302
2947407
2947506
2951573
2953521
2953954
2954651
2956313
2960289
2961245
2963721
2963794
2964465
2965776
2967529
2967581
2968419
2968607
2970075
2970200
2973648
2975525
2977299
2978104
2978201
2980922
2983873
2984362
2985507
2986566
2986822
2987506
2988839
2989424
2991241
2991449
299296
2994234
2997014
2997063
2998200
299827
2998391
3000522
3001132
3001780
3003033
3004778
3004950
300527
3006823
3008982
3009709
3010479
301072
3011407
3014401
3015393
3016432
3017013
3018955
3019234
3019733
3019858
3019952
3022957
3024161
3025490
3026516
3026696
302701
3028170
3028708
3029632
3030519
3030970
3031040
3031268
3032522
303300
3034115
3034541
3034796
3035613
303574
3036438
3037688
3038460
3039272
3039616
3039849
3040173
3040653
3040888
3041803
3042722
3043050
3044000
3044478
3045793
3046911
3049523
3049919
3052396
3052669
3056294
3057398
3058610
3058618
3059432
3062417
3062959
3063952
30644
3064777
3064810
3067881
306806
3068672
3069263
3069339
3069668
3069774
3070699
3071714
3072270
3073532
3076115
3078885
3079408
308082
3082523
3082663
3083319
308504
3085149
308581
3085947
3086447
3087120
3087336
3091897
3094456
3095678
3095723
3096839
309709
3097253
30982
309887
3104872
3107807
310898
3110142
3112302
3113352
3114390
3115837
3116282
3117295
3119162
3119189
3119500
3119941
3119960
3120456
3120920
3122633
3124080
3124491
3125112
3125815
3127589
3129642
3131357
313389
3134061
3134665
31356
3136572
3137249
3137568
3138489
3139223
3139771
3140370
3143362
3143762
3145189
3148359
3148749
3150680
3150695
3153937
3154087
3154592
3154756
3155333
3156104
3158204
3158372
3159624
3159957
3161654
3163158
3163816
3164409
3166160
3167852
3169467
3171273
317223
3172916
3173666
3174392
3174723
3175263
3179665
3179949
3180277
3181675
318257
318263
3182862
31830
3183066
318375
3185517
3187300
3187671
3187969
3188369
3188524
3189174
3190834
3191970
3192297
3194509
3196294
3196792
3199416
319961
3199768
3199901
3200494
3201308
3201654
3202179
3203737
320430
3204952
3206409
3206580
3207416
3208397
3209099
320978
3210851
3211568
3211712
3212819
3214554
3215318
3215469
3217434
3218068
3218609
3219255
3220020
322040
3221741
3222950
3223302
3225657
3226726
3228326
3228343
3228669
3229214
3229724
3231215
3232990
3233110
3233530
3235569
3236475
3237426
3239121
3239506
3240172
3241793
3242039
3242124
3243554
3245768
3248579
3248751
3250356
3250562
3250636
3252247
3253043
3255610
3256853
3257624
3258683
3259017
3260127
3261136
3263883
3266877
3267141
3267165
3268286
3268623
326873
3269276
3270256
3270460
3271699
3272094
3273777
3275012
327649
327740
3279014
3279102
3279811
3280156
3282408
328496
3285599
3285885
3286912
3289481
3289619
3290362
3290847
3291585
3293425
3293887
3294370
3294628
3294682
3296761
3298544
3298792
3301018
3301772
3301833
3302356
3303710
3304507
3304874
3308388
3311641
3313005
331350
331679
3318351
3319260
3319322
331952
3319866
3320026
3320143
3320891
3321321
3323717
3325722
3326895
3327024
332728
3328016
3328836
3330563
3332426
3333238
3334557
3335289
3335627
3336204
3337377
3337493
3339389
3339902
334043
3341606
3343219
334338
3344675
3344839
3346652
3347430
3348391
3350347
3350658
3350965
3354219
335477
3355690
3356235
3356513
3356613
3356660
335768
3359422
3359683
3359727
3360910
3361595
3363661
3363950
3363978
3364065
3364220
3365529
3369527
3369969
3370405
337377
3375264
337759
3377975
3378050
3378077
3378958
3379581
3379836
3382679
3383351
3385919
3387698
3389071
3389108
3389944
339157
339157
3392095
3392909
3394103
3396615
3396800
339772
3398972
3400612
3404061
3404388
3406348
3407260
3409483
3409796
3410660
3412479
3412637
3412692
3413083
3413144
3418931
3419076
3419105
3419649
3421286
3421642
3423571
3423885
3425638
3425927
3426170
3426341
3428270
3428417
3428975
3429265
3432358
343406
3434782
3436108
3436912
3437896
3438001
3439958
3440716
3442474
3443248
3446856
3447462
3447576
3450494
3450863
3450974
3454468
3454522
3454986
3456072
3457428
3457911
3458205
3458219
3460458
3461426
3461492
3462196
3463473
3463557
3465280
3465558
3466698
346684
3467154
3467206
3467275
3469138
3469331
3469615
3470952
3471178
3471201
3471214
3471391
3472660
3473572
3473848
3474034
3475889
3476168
3476319
3476517
3476776
3477169
3477699
3481436
348149
3481812
3482204
3483524
3485011
3485389
3488902
3490869
3494192
3494257
3495361
3496244
3496626
3501379
3503253
3503518
3504488
3504567
3504672
3506242
3506987
3507373
3509457
3509629
3510421
3511032
3511119
351158
3512924
3513079
3514868
3514958
3518262
3518696
3519235
3521227
3521343
3523720
3524376
3524387
3526111
3527253
3529267
3530073
3531061
3534891
3534950
3535256
3536226
3536694
3537048
3538638
3538696
3538946
353995
3541942
3542483
3542537
3543723
3549981
3550321
3551778
3552567
3554008
3555536
3558157
3558942
3561943
3562811
3563937
35644
3564745
3565239
356578
3566131
3566422
356792
3568185
3568575
3568864
3569429
357142
3571720
3571874
3573446
357359
3574282
3575533
357611
3576281
3581490
358157
3582341
3583655
3584214
3586468
3586522
3587763
3588011
3589214
3595629
3596267
3597080
3597216
3597513
3600171
3600324
3601208
3603290
360405
3604490
360601
360621
3606972
3607365
3607930
3610221
3611322
3614490
361466
3616420
3616991
3618967
361976
3620328
3621640
362265
3623995
3625325
3625366
3625668
3626080
3626140
3626203
3627684
363213
3632750
3636797
3637389
3637717
3638875
3639483
3639662
363978
3641628
3641972
3642236
364334
3643552
3644738
3647584
3649218
3649462
3650538
3651807
3652096
3652167
3652648
3653095
3653420
3653639
3655718
3655848
365635
3656400
3657660
3661029
3661754
3662085
3662133
3664590
3666271
3666363
3667240
3667854
3668312
3669085
3669453
3671357
3671476
3671888
3671898
3672482
3672868
3673302
367426
3674767
3674904
3675893
3677159
3677565
3677712
3679848
3679888
368061
3681871
3682017
3682227
368319
3683948
3684371
3684572
3684688
3685128
3685256
3685760
3687949
3688239
3690643
3691023
3692380
369382
3696399
369836
3698645
3698855
370103
3701475
3703552
3703705
3704525
3706431
3706444
3707108
3707787
3708145
3708358
3710531
3712330
3712883
3713339
3715034
371513
3716716
3716909
3717196
3717204
3717586
3717764
372053
3720572
3721170
3721288
3722311
372257
3722784
372384
3724732
3725143
3726556
3727596
3727705
3728121
3728786
3729588
3730454
3731546
3732518
3732755
3735683
3736841
3737805
3740413
374126
374153
374158
3744359
374440
3747318
3749962
3750709
3751110
3752064
3753437
3754488
375505
3757257
3759313
3761612
3762787
3763277
3763373
3763597
3763845
3763955
3764124
3764980
3767025
3770164
3770418
3770508
3774112
3774487
3775508
3775531
377572
3776166
3777652
3779263
3779845
3779963
378034
3780517
378059
3782488
3782966
3785169
3786323
3788366
3789425
3789474
3791014
3791121
3791176
3791415
3791782
3792770
3792855
379521
3795780
379618
3796264
3798848
3798906
3799066
3799740
3799788
380288
3803146
3803373
3804443
3804480
3810074
3811405
3811964
381316
3814035
3817069
3817579
3818975
3819350
3819735
3821785
3822400
3823413
3823795
3824437
3828967
3830056
3830638
3830640
383074
383096
3831025
3832320
3832729
383430
3835285
3835667
3836264
3836512
3836611
383787
3839185
3839319
3842623
3843299
3844798
3845024
3845942
3846639
3848110
3850613
3850749
3851580
3851631
3852675
3853110
3853883
3854221
3854294
3854985
3856001
3856051
3857859
3858048
3858190
3858549
38587
385883
3859031
3863818
3865070
3866117
3868143
3869052
3869558
3869643
386993
3871901
3871972
3873615
3874116
3874161
3876450
3877548
3878791
387988
3881122
3881745
3882134
3883823
3884342
3885721
3885772
3887873
3889759
3891027
3891252
3891786
389224
3892821
389464
3898424
3898751
3901191
3902196
3902423
3902684
3903014
3903087
3904201
3905475
3906268
3906830
3906831
3907360
3907545
3907736
3908501
3909066
3910186
3911430
3913333
3913889
3914717
3917306
3918105
3918875
3919779
3920064
3921769
3922091
3922743
3923840
3924189
3925275
3925764
3926115
3926649
3926937
3926954
3928979
392920
3929448
3930851
3932674
3935082
3935117
3935409
3936216
393657
3937109
3937799
3938120
3938174
3938948
3939467
3941079
3941680
3941850
3941937
394194
3942301
3946430
3946502
3949005
3950926
3952199
3954306
3954447
3955364
3955471
3960951
3961007
3961016
3962611
3963694
3964677
3964872
3965446
396624
3967077
396789
3969443
3969966
3970181
3970337
3971147
3972418
3974762
3975198
3975556
3975900
3976717
3980054
3980189
3980917
3981848
3983340
3985174
3986203
3986464
3987639
3987685
3988723
3990652
3991981
3992816
3994257
3994705
3995608
3995832
399644
3996697
3996971
3997463
3999008
3999521
3999627
3999634
3999984
4000265
400117
4001286
4002201
4002474
4002919
4003058
4003863
4004531
4004748
4005260
4005445
4006904
4009673
4010055
4014790
401899
401939
402044
4020870
4021263
4022255
4022442
4026129
4028040
4028607
4030155
4031944
4033010
4034457
4036054
4036272
4036495
4036787
4037033
4038102
4038904
4039652
4042508
4042743
404288
4044161
4044657
4047153
4048658
4049843
4049906
4051014
405106
4051224
4053403
4054141
4054332
4055470
4056084
4056144
4056546
4059380
4060296
4060496
4061070
4061771
4062931
4063821
4064375
4066190
4067164
4067261
4068319
4070053
4074399
4074791
4074956
4077480
4077548
4078858
4079300
4080090
4080610
4081756
4083006
4084382
4084486
4084494
408560
4087061
4087467
408786
408850
4089397
4089881
4089930
4090937
409121
4091502
4093744
4094027
4094040
4094864
4096425
4096960
4097170
4097761
4099175
4099365
4100784
4101165
4102562
4102720
4103839
410438
4105357
4106156
4106227
4108521
411103
4115567
4116016
4116502
41190
4120063
4120505
4120640
4121109
4124472
4126794
4128088
4129460
4130553
4131637
4133225
4133711
413459
4134838
4135212
4135267
4135569
4136912
41371
4137383
4137992
4138064
4138188
413953
4140407
4143111
4146808
4147544
4147883
4148543
4149350
4149386
4150258
4151597
4152108
4152527
4153049
4153316
4154227
415733
4157523
4158148
4158454
4158569
4159436
4161974
4162893
416517
4165830
4166552
4167280
4167414
4170204
4170245
4170328
417111
4171134
4171199
4171704
4173043
4173605
4173880
4173954
4177779
4178955
4179491
4181808
4184442
418507
4188120
4188495
4189454
4190740
4191392
4192620
419302
4193155
4194586
4195230
419524
419554
4195774
4196506
4196856
4197247
4197305
4199418
4199531
42013
4201569
4201616
4201748
4202079
4203514
4205088
4206706
4207032
4208117
4210051
4212612
4213227
4214624
4215104
4216872
4217386
4218261
4220395
4220874
4220910
4221292
4222440
4222869
422325
4224480
422487
4225851
4226549
4230743
4230905
4231299
4231691
4231890
4233642
4236765
4238114
4238990
4240046
4240556
4242215
4242659
424308
4244121
4244543
4244593
4245216
4246527
4246799
4249535
4251419
4251560
4251739
4252737
4252837
4253357
4254096
425490
4255949
4256585
4257919
4262018
4262160
4262218
4262253
4262707
4263505
4264232
4265193
4265695
4267159
4268357
4268840
4269994
4270126
4270258
4271449
4271938
4273063
4273404
4273657
4276207
4276751
4277549
428100
4281769
428432
4284524
4284719
4285374
4285669
4286712
428942
4289488
4290077
4290224
4290598
4291340
4291436
4293198
429360
4294089
4294940
4295660
4296920
4299492
4300553
430140
4302263
4302962
4304275
4305192
430520
4307120
430819
4308645
4309793
4310944
4311434
4311710
4312167
4312651
4313264
4313861
4314311
4314767
4315336
4316025
4317216
4318771
4319071
4319217
4319755
4319871
4319976
432031
4320523
4321461
4323724
4323807
4325146
4326770
4328702
432903
4329243
4329745
4330299
4330584
4332678
4332769
4335374
4337436
4339750
4339851
4340450
4344344
4345929
4346641
4347518
4348415
4352521
4353364
4353540
4354787
4355771
4358254
4361205
4361238
4361715
4363626
4363764
4364153
4364504
4364735
4364863
4365504
4367364
4368076
4368181
4368658
4370936
4371850
437284
4373163
4374128
4375155
4375714
43771
4378028
4379327
4379382
4379921
4382242
4382256
4383229
4383647
4384676
4385856
4387591
4388607
4388800
4389285
4389300
4389651
4389994
4390251
439126
4391920
4391966
4393131
439495
4395202
4395457
4395593
4395727
439650
4397109
4397598
4398702
4399933
440014
4400260
4400504
4402114
4402905
4404167
4406421
4406835
4407360
4409127
441343
4414962
4418631
4421473
4422301
442342
4424696
4424936
4426424
442833
4430034
4430283
4430818
4430882
4432791
4432846
443422
4435435
4435624
4435956
4437054
4437431
4438861
4439864
444019
444215
4442545
4442587
444329
4443861
444409
4444637
4445362
4445547
4446414
4446880
4449401
4449763
4450406
4450643
4450762
445422
4455692
4455910
4456273
445672
4463419
4465895
4466806
4467229
4467431
4468650
4471923
4474048
4475442
4475707
4475726
4477146
4477874
4479532
4480196
4480629
4482129
4482544
4482702
4484423
4484670
4485241
4485545
4486576
4487131
4488339
4488697
4488775
4489556
4490066
4490259
4491811
449182
4492860
4492968
4494135
4496299
4496376
4499753
4500584
4500932
4501811
4502870
4504381
4504834
4505270
4506193
450765
4507762
4508672
4508837
450975
4509996
4510226
4510230
4510737
4513175
4513761
4514777
4515682
4515728
4516027
4517080
451808
4518197
4521270
4521674
4523078
4524699
4525573
4529016
4531995
4532602
4533304
4535109
4535639
4536355
4537433
4538019
4538648
4538989
4539186
45392
4540355
4540520
4541367
4542569
4543842
45458
4545925
4546056
4546506
4547301
4548079
4549330
4551352
4551577
4553721
4557807
4558577
45598
4560433
4560908
4562159
4563994
4564748
4564810
4564879
4565215
4565370
4565966
4567096
4568737
4568956
4570546
4571071
4573088
4576002
4576258
4576357
4576808
4578260
4579944
4580310
458134
4583645
4585204
4586033
4587021
4587469
4588282
4589202
4591362
4592253
4592342
4597959
4598574
4598586
4599914
4601668
4602592
460290
4605715
4605978
4608042
4608683
4609825
4610881
4610897
4611585
4612013
4612769
4614851
4616270
4616316
4616518
4616822
4617010
4617113
4619229
4620384
4624117
4624344
4624758
4625324
4628171
4629548
4629634
4630504
4632353
4634875
463577
4635945
4636213
4636219
4637547
4637614
4639342
4640116
4642557
4645454
4645883
4646735
4647415
464817
4649968
4650881
4651879
4652575
4652778
4654333
4654740
4654985
4654990
4655178
4656454
4661137
4661602
4662854
4663134
4663181
4665117
4666360
4673230
4675516
4677190
467724
4678283
4678401
4679086
4679257
4682040
4683108
4683483
4683877
4684890
4685859
4686639
4686950
4688318
4688373
4688710
4691229
4693911
4693920
4694168
4695108
4699004
469904
470000
4700330
4700403
4701752
4702659
4702747
4703556
470416
470444
4707744
4707790
47081
4710224
4711104
4712845
4712897
4712907
4714693
471507
471525
4716753
4717111
4719072
4721694
4721761
4722121
4722300
4722309
4722580
4723629
4723847
4724403
4726334
4726377
472699
4727036
4727783
4728277
4729273
4730827
4731356
4731426
4735174
4737742
4738429
4739247
4740788
4742514
4743485
4743669
4745001
4745391
4746705
4747795
4748942
4749256
4750826
4751871
4752381
4754578
47560
4756865
4757969
4759075
4759389
4761128
4761876
4762188
4763309
4764077
4764647
4766484
4768156
4769711
4769716
4770777
4770786
4771082
4771827
4773437
4775065
4776579
4776916
4777258
4777574
4778188
4778680
4779470
4779955
4780473
4781319
478311
4783729
4783810
4783864
4784325
4785491
4785499
4786945
478701
478969
4790129
4791019
4791281
4791294
4791884
4797170
4797214
4798019
4799465
4799817
4801574
4801821
4802548
4802977
4803436
480370
4803918
4803935
4810720
4811195
4813186
4813456
4814541
4817172
4817983
4818240
4819068
4819187
481920
4820206
4821067
4821729
4824446
4824900
4825214
4826340
4827889
4828386
4828391
4828518
4829825
4830499
4831819
4833315
4834588
4836138
4838557
4842925
4842957
4844995
484599
4847069
4847762
4851969
4852342
4852461
4854030
4855603
4856769
4856933
4856948
4857571
4858605
4858857
48600
4860137
486021
4861100
4861956
4862905
486329
4864235
4867782
4868192
486840
4871061
4873260
4873274
4875066
4875094
4875781
487631
4877119
4879716
4880516
4881024
4881051
4881063
4881604
4882408
4884072
4884548
4886253
4886844
4890540
4892792
4892896
489399
4894217
4894669
4894971
4895889
4896199
4900177
4900227
4900234
4903019
4904194
4904982
4905108
4906539
4908562
4909147
4909976
4910133
4911473
4912527
4912765
491518
4916253
4916591
4920631
4920825
4921431
4922043
4924325
4924473
4927181
4927795
4928751
4929333
4929480
4929787
4930058
4930235
4934565
4934775
4935497
4936975
4937652
4937964
4943725
4945441
4945816
4945882
4946430
4948649
4949385
4950019
4950362
4950607
495198
4952517
4954697
4954831
4955690
4956249
4957273
495758
495774
4959026
4961319
496224
4964672
4964734
4967012
4967122
4967138
4967995
4968770
4970297
4970734
4970940
4971730
4973090
4973124
4975177
4975216
4975899
4976723
497679
4977433
4977829
497867
4978964
4981396
4981616
4981952
498349
4987648
4987800
4989212
4989640
4990754
4995337
499615
4996523
4997594
4997801
4997803
4999348
5001684
500203
5003569
5004303
5004658
5004993
5005852
5006368
5006584
5006679
5006871
5009626
5010379
5012133
5012631
5014887
5015544
5018746
501962
5019652
5020512
5022927
5024797
5025410
5025811
5027031
5030857
5032016
5032864
5033100
5037
5039172
5039196
5039655
5040417
5040482
5040776
5041413
5041593
5041903
5043500
5044627
5048388
504920
5049513
5051334
5054592
5056272
5057003
5058818
5058927
5059144
5059914
5060391
5061012
5062978
5063229
5064157
5064665
5065515
5066575
5068963
5069775
5070386
5070688
5072381
5072663
5074278
5074957
5076439
5077722
5086358
5086366
5086756
5087257
5087359
5087540
5087917
5088142
5088734
5089095
5090501
5094215
5094332
5095553
509598
5096835
5098741
5099202
5099493
5100375
5103103
5103577
5104395
5106194
5106429
5107452
5107641
5108731
5111402
5111418
5112635
5113207
511342
5118029
5118854
5119834
5122968
5124731
5126297
5127797
5130646
513136
5131644
5132645
513655
5138605
5140607
5142207
5143401
5143801
5147100
514903
5149929
5151176
5151191
5153354
5153625
5154141
5156066
5158193
5159252
5159644
5160381
516219
5162211
5163510
5164079
5165924
5168142
5169558
5169632
5170695
5172000
5172443
517330
517396
5174168
5175653
5175925
5176784
5180220
5180974
5181212
5181824
5182529
5183191
5183554
51863
5187043
5187616
5188357
5188473
5188913
519034
5191594
5192197
5192202
5192327
519312
5193458
5193644
5194678
5196073
5197166
5197787
5198060
5198989
5199397
520053
5200720
5201382
5204147
5205851
5207523
5208712
5209292
5209442
5210896
5211422
5211496
5212099
5212477
5213196
5214029
5214099
5214501
5214940
5216092
5217451
5220479
5222003
522348
5224370
5224899
5225542
5226358
5227372
5227603
522907
5229578
5230229
5230710
5231853
5232137
5232500
5233761
5233916
5235615
5236135
5236403
5237622
5237706
5237872
5239033
5239364
5241792
5241854
5242150
5242961
5243027
5244263
5245247
5245626
5245948
5248506
5248797
5248868
5250619
525086
5251153
5252494
5252600
5252603
5254205
5254238
5254739
5254933
5258203
5259025
5259280
5260112
5261310
5261384
5262096
526332
5264798
5265073
5265386
5265421
5266365
5267485
5270006
5270887
5272183
5273401
5274542
5274552
5275228
5277361
527965
5281832
5282061
5284941
5285293
5286110
5286434
5286789
5287062
5287833
5287852
5287977
5292792
5293193
5293880
5294604
5294887
5296248
5296777
5297852
5298321
5298604
5298726
5299472
529983
5302400
5302989
5303130
5303236
53033
5304451
5307419
5307518
5307794
5308213
5310595
5313702
5314167
5314590
5316395
5316923
5317300
5317467
5319589
5319608
5319891
5321873
5323644
5324321
5324782
5325090
5325253
5325546
5325711
5327133
5328591
5328894
5329491
5330491
5330869
5330973
5332093
5333122
5333335
5333874
5335010
5335502
5338410
5338668
5339549
5340343
5340540
5340843
5341345
5341681
5341896
5342383
5343693
5344891
5345989
5347722
5347805
5349128
5350710
5351257
535133
5352159
5352886
5353379
5354068
5354165
5354413
5355350
5355965
5356573
5358775
5360095
5361106
5361530
5361980
5363202
5365744
5367659
5372266
5372355
537400
5374450
53745
5374735
537485
5375215
5375700
5376622
5378994
537904
5379159
5379585
5380082
5380242
5380974
5381644
5382755
5384446
5384528
5385054
5385547
5387094
5388099
5388292
53894
5390110
5390405
539055
5392495
5393591
5393818
5394038
5395915
5397119
5398031
539927
5399793
5400089
5402020
5402407
5403928
5407036
5409277
5411789
5413185
541378
5413857
5414306
5414321
5414710
5417415
5418126
5418402
541917
5420629
5421422
5421785
5422196
5423242
5424272
5425318
5427707
542890
5430722
5431220
543169
5432262
5433060
5433977
5434231
5434547
5434658
5437086
5437574
5438201
5440152
5441311
5445241
5445424
5445880
5445907
544598
5446665
5447015
5448646
5450202
5450952
5452721
5453200
5453274
5456362
5456822
5457082
5457519
5458856
5459600
5461407
5461841
5462010
5462454
5462991
5463319
5464835
5466101
5466486
5467024
5468993
5469698
5471852
5472447
5473871
5476281
5476527
5478908
5478935
5481002
5481690
5482319
5483769
5484151
548602
548614
5486917
5487595
5492605
5494752
5494916
5495109
5495852
549587
5497630
5497803
5498448
5498710
5499165
5500492
5501675
5502916
5503957
5504738
550799
5508120
550828
5510130
5511169
5511918
5514589
5515881
5515891
5519712
5519843
5524380
5524763
5527456
5527464
5527529
5530963
5531558
5532967
5533094
5535060
5535900
5537377
5537440
5539436
5540077
5540707
5541207
554276
5543264
5544657
5547274
5547512
5548755
5549831
5550199
555083
555155
5552164
5553183
5553474
5554727
5555029
5555091
555700
5558982
5559101
5559624
5560926
5561959
5563968
5564083
5565655
556569
5565816
5566134
5567877
5569618
5570913
5572316
5573340
55753
5576268
5576855
5577355
5577651
5579410
558012
5580792
5581595
5581859
5584691
5585048
5585103
5585422
5586134
5587679
5587824
5589315
5590527
5591295
5593282
5593651
559528
5597410
5597910
5599155
5599414
5600987
5604136
5604369
5604426
5604789
5605387
56065
5606699
5607428
5607887
5607984
5608279
5613234
561505
5617256
5618049
5618601
562025
5621592
5621775
5623113
5623844
5624223
5626305
562704
5628840
5629120
5630380
5632138
5634434
5636077
5637409
5638895
5639756
5640909
564102
5641920
5642143
564677
5647173
5647854
5649777
5650142
5651193
5653435
5653569
5655440
5659634
5660642
5661310
5663206
5663346
5667322
5667599
5667689
5667968
5668376
5668632
5670011
5670315
5671173
5672552
5673284
5673374
5676927
5677126
567912
5682878
5683088
5683520
5684138
5685400
568610
5686680
5687522
5687972
568952
5690925
5691528
5692484
5693059
5694574
5695075
5695416
5697257
5698474
5701058
5701711
570188
5702065
5704565
5704736
5705906
5706535
5706593
5707935
5707976
5709124
571057
5710843
5711821
5711947
5712091
5712166
571273
5713806
5713846
5714477
5714537
5714928
5715093
5715600
5716096
5716785
5719787
5720257
5720523
5722095
5722101
5722244
5723245
5724001
5724317
5724420
5724952
5727626
5727786
5729288
5729334
5730107
5730816
5731372
5734394
5734948
5736528
5736819
573753
5739
574011
5740967
574099
5741015
5741783
574450
5745482
5745749
5748308
5749874
5750118
5750962
5751437
5753158
5754591
5756931
5759703
5760617
5761206
5761479
5761817
5762095
5764562
5764658
5767193
5769840
5770101
5770661
5771359
5772452
5774119
577428
5774802
5776420
5777440
5778181
5778492
5778926
5779089
5779369
5779724
5781457
5781930
578260
5785190
5786134
5786535
5788888
5789399
579035
5790909
5791850
5792244
5792574
5793357
579401
5794201
5794389
5799346
5801709
5803714
5805
5807893
5808217
5809886
5810622
5811588
5811640
5816480
5818440
5820823
5825061
5825684
5826175
5826412
5827002
5828033
5828356
5829535
5830535
5831935
583254
5833167
5834996
5835999
5838502
5839555
5840231
5840935
5841951
5842088
5844458
5845724
5845810
5846086
5847046
5847160
5850102
5850163
5851122
5852402
5856061
5857390
5857632
5858169
5859257
5859379
5861338
5861492
5862336
5864409
5869249
5870025
5870164
5870451
5870458
5871144
5872999
5874009
5874084
5877985
5879846
588015
5880927
588098
5881898
5881988
5882859
5884720
5884866
5886380
5886383
5887696
588844
5889269
588929
5889701
5891112
5891249
589196
5892458
589247
5893986
5893991
5897785
5898009
5898553
5899614
5901024
5901407
5901742
5901803
5902296
5904326
5905394
5905719
5906773
5909130
5909806
591018
5910433
5911188
591215
5915328
5915977
5916935
5917483
5917796
5917985
5919035
5920229
5920495
5921647
5922919
592321
5923665
5923798
5924335
5925756
5927477
5927654
592853
5930567
5933449
5934228
5934496
5937243
5941129
5942026
5942234
594528
5946053
5946852
5948742
595023
5950320
5950386
5950985
5951014
5953556
5956457
5957182
5958226
5958476
5958769
5960315
5961417
5962773
5964156
5964510
5964758
5966005
5966143
5967580
5967646
5968418
596876
5971483
5971489
5972627
5975587
5975734
5976335
5976476
5977306
5978182
597985
598044
5980711
5981602
5981921
5981984
5984493
5984699
5985960
5986642
5987305
598737
5988107
5991007
5991589
5991689
5992484
5993690
5995352
5995661
5996961
5997120
5997433
5997896
5999029
599920
599978
6001099
6001842
6002527
6003092
6003196
6003670
6004008
6004160
6004793
6004841
6005423
6007636
6008633
6009459
6010023
6010439
6011669
6015425
6016846
6018816
6019206
601965
6020540
602108
6021212
6024828
6025403
6028137
6028869
6029070
6030438
6031116
6031382
6031398
6031558
6033236
6033526
6035444
6036101
6036113
603711
6038175
6039178
6041518
6041859
6042877
6043071
60441
6044592
6045649
6046420
6048639
6050286
6052303
6053064
6054023
605965
6061302
6061876
606402
6064771
6064882
606531
6066096
6067563
606811
6070885
6071298
6072537
607448
6074717
607499
6075089
6075897
6077506
6078954
6080564
6081492
6081948
6083271
6087469
6087585
6088639
6089599
6090725
6091727
6092967
6092999
6093663
6093749
609436
6094984
6095725
6096258
6097241
6098614
6099762
6100578
6101750
6102138
6102453
6103547
6104329
6104968
6105460
6108354
6109730
6110583
6113524
6116294
6117146
6117504
6117779
6118566
6118945
6119290
6120583
6123651
6125681
6125786
6126388
6129348
6129825
6131869
6132828
6132912
6133435
6137684
6138215
6138486
6139253
6139476
6140378
6141066
6141252
6141297
6141336
6142850
6142992
6143135
6143482
6143566
6145445
6145596
6145797
6146459
6146661
6147442
6147746
6148042
6148045
6148738
6149432
6149480
6149876
6150164
6153127
6153260
6154211
6154282
6154504
6155045
6156183
6156629
6157538
6158839
6160116
6160364
6160558
6160969
6162294
616348
6164568
6164593
6166367
6169724
6172441
6174264
6174692
6176413
6178570
6180060
6181360
6182038
618342
6190926
6191320
6192318
6194138
6194647
6195866
619703
6197249
6197680
6198252
6199070
6199603
6200032
6201170
6201510
620274
6202896
6203374
6203568
6203744
6204550
6205549
6205611
6209162
6210770
6211432
6212446
6212793
6213092
6213109
6215949
6216645
6216752
6221888
6222518
6222646
6222721
6224577
6224647
6226248
6226346
6228567
6229746
622978
6231316
6232459
6232750
6232803
6233947
6235696
6237303
6237408
6238152
6238931
623909
6240006
624069
6242491
6243444
6243776
6244373
6245087
6245165
6247649
6248601
6248854
6248997
6253761
6253846
6254403
6254482
6256165
6256906
6256948
6257315
6257866
6258809
6258838
6258879
6259971
6260030
6261136
626119
6261721
62625
6262571
6265396
6266774
6267514
626916
6269340
627009
6270597
6270897
6271803
6272284
6273476
6274299
6276728
6278117
6278843
6279240
6279295
6280962
6281776
6285704
6286258
6287189
6287555
6287677
6287697
628843
6289245
6289326
6291173
6292550
6292755
6293646
6293798
6294786
6297311
6298659
6298744
630006
6301827
6302625
6302857
6303495
6303566
6304284
6305544
6308737
6308829
6309228
6309345
6309550
6311647
6312250
6313578
6314440
6315756
631824
6321564
6321676
632257
6323099
6325109
6326144
6326364
6327842
6329932
6330009
633349
6333964
6334540
6335057
6335591
6337184
6337448
6338611
6339319
6339952
6340296
6340825
6341095
634255
6343121
634382
6346629
6347241
6347809
6349228
6349328
6350198
6352258
635246
6353738
6353839
635474
6355374
6356579
6359321
6360057
6360339
6360350
6360520
6362124
6365337
6365631
6369179
6370351
6370778
6370871
6370970
6372272
6372432
6372477
6373579
6373678
637394
637513
6375819
6376095
6376539
637990
6380229
6382639
6384094
6384259
6384941
6387538
6387620
6387737
6387837
6388117
6388918
6391606
6392151
6394412
6394801
639789
6397993
6398552
6399690
64006
6400604
6401805
6402780
6402897
6403338
6403452
6403625
6403685
640408
6406202
640621
6407028
6409393
6411248
6412167
6412855
6413191
6416966
6417587
6418892
6419098
6419245
6419619
641977
6420201
6420242
6420438
6421241
6422741
6423437
6423628
6427922
6429973
6430152
6432181
6432698
6434851
6435531
6437971
6438244
6438482
6440666
6440708
6441245
6441454
6441895
6442735
6445754
6446361
6447983
6448022
6448301
6448674
6448810
6450729
6452498
645290
6455487
6457073
6457532
6458072
6459069
6459261
6459642
6460311
6462192
6462429
6463250
6463344
6465867
6466848
6469239
6471458
6472216
6472309
6472450
6473749
6474352
6476154
6476320
6477843
647874
6480613
6481283
6481307
6482737
6483
6483331
6484317
6484859
6488062
6489310
6490305
6490955
6492159
6492392
6492560
6494238
6494339
6495202
6497629
6498893
6499994
6500307
6500319
6501929
6504286
650448
6506428
6506954
6507050
6507939
6509244
6509770
6510353
6510870
6511982
6512028
6512916
6514331
6514969
6515251
6516109
6519850
652098
6521242
6521827
6523097
6523613
6523823
6525901
6526655
6526986
6527181
6528738
6529531
6530449
6534676
6535252
6535431
6536797
6537449
6537944
6537957
654060
6541017
6542094
654232
6542995
6543838
6543916
6544018
6545314
6546196
6547173
654805
6549100
654960
6549857
6550505
6550693
6552161
6552965
6554622
6555693
6556003
6556882
6556894
6557086
6558034
6558573
6561902
6562892
6564128
656426
6564636
6566187
6566504
6566566
6567078
6567986
6569268
6569430
6570274
6570880
6571873
6572025
6573655
6577080
6578825
6580230
6581468
6581660
658412
6585801
6586697
658676
6587973
6590425
6592808
6594536
659562
6597065
659815
6598351
65991
659946
6599902
6600267
6602481
6602586
6603836
6605098
6607562
6608740
6608848
6610160
6610404
661310
6615832
6617406
6618022
6618302
6618351
6619372
6619680
6620457
6621280
6624683
6624789
662705
6627221
6628947
6629935
6630995
6631790
6632419
6633586
6633706
6634236
6635436
6635953
663773
6638964
6639171
6640031
6642306
6644098
6644921
664604
6648341
6649863
6650516
6651684
6652374
6654483
6656536
665724
665834
6658457
6660624
6662180
6662842
6663377
6665933
6666395
6666408
6668076
666820
6672656
6672713
6674454
6675251
6675509
6675948
667605
6676290
6677912
6679477
6680253
6680843
6682639
6683081
6684075
6684948
6686430
6688451
6689009
6690027
6690149
6692891
669328
6693547
6694847
6695188
6697344
6698774
6700696
670238
6702602
6702604
6702803
6705783
670625
6707307
6707550
6708253
6710122
6710267
6710325
6711308
6711624
6711786
6713864
6717109
6717403
6718653
6719336
6720759
6723067
672432
6725415
6725655
6725836
6725944
6726656
6729617
6730395
6730497
6731356
6732069
6734793
6736610
6736651
6737303
6737873
6738274
6740331
6741137
6742369
6743260
6743583
6744602
6748200
6750965
6754903
6755200
6757045
6759535
6759936
6760434
6764001
6765563
6766323
6767458
6771419
6771542
6774108
677466
6780746
678175
6782040
678348
6784191
6785514
6787934
678795
6788307
678907
6789694
679035
6791415
6792405
6794398
6795411
6796866
6797923
6797970
6798077
6798696
6799791
6801199
6801304
6801670
6802407
6803865
6804888
6805359
6806922
6808466
6809904
6810200
6810596
6813003
6813517
6813585
6814276
6814713
6818199
681864
6818857
6820081
6820311
6820824
6820950
6821331
6821984
6822358
6822957
6825
6825430
6826111
6827600
6828517
6828703
6829077
6829281
6829494
6829649
6830085
6831065
6831694
6833148
683449
6836850
6837254
683972
6839832
6841163
6841203
6843009
6843092
6843633
6843699
6844608
6845254
6851691
6853082
685344
6854803
6855963
6856430
6856664
6856759
6859122
6860411
6860577
6860610
686137
6861936
6862149
6862161
6862798
6863203
686426
686476
6867273
6867392
6871381
6872074
6872851
6873010
6873862
6874081
6874380
6875909
6876090
6876097
6876662
6876970
6877745
6878514
6879762
6882218
6883397
6884408
6885455
6886202
6889642
6890156
6890593
6891551
689272
6892945
6893452
6893725
6895357
6896218
6896452
6898924
6899302
6900166
6900913
6902333
6902682
6903208
6903470
6904439
6905476
6906768
6907164
6909162
6909632
6910771
6911907
6912718
6913614
6914279
6915146
6915809
6916027
6916247
6916307
6916318
6916531
6918032
6918219
6918776
6918980
6919629
6921056
6921128
692149
6922085
6922685
6923650
6925729
6927327
6928827
6930237
6932661
6935799
6936164
6936802
693719
6937721
6938008
6939319
6941477
6942712
6943059
694492
6945219
694591
6946236
6946692
6946760
6947343
6947559
6948001
6951554
6952569
6952717
6953642
6955290
6957962
6959055
6960870
6961420
6962504
6962735
6962809
6962850
69636
6964921
6965125
6965859
6966599
6966842
6967855
6968317
6971658
6972031
6972499
6973197
6973587
697911
6979562
6979593
6980377
6980689
6981743
6982279
6982351
6982766
6983672
6983874
698542
6985528
698585
6986401
6987853
698846
6988823
6990047
6992703
6995932
6997737
6997852
6998086
6998168
6998213
6999380
6999936
7000409
7000677
7000998
7003508
7005139
7006232
7008077
7010048
7010408
7010646
7011332
7011682
7014966
7015146
7016408
7018923
701925
7020607
702081
7022171
7023375
7024006
702480
702587
7027561
7027655
7030655
7030994
7032988
7033007
7034311
7036218
7036366
703711
7037119
7037228
7037557
7038268
703912
704077
7041468
7041625
7043420
7044656
7046150
7047155
704848
7048958
7050026
705141
7051451
7051490
7052082
7052548
7053622
7053853
7055056
7055090
705809
7058171
7059702
7059862
7061929
7062278
7064292
7066321
7066837
7067010
70672
7068406
7069309
7072796
7073839
7074869
7074964
7075041
7076422
7079756
7086226
7087053
708881
7090095
7090858
7092700
7093297
7093755
7093906
7094132
7094836
7095341
709541
7095712
7096130
7097013
7099341
7100887
7101305
7103646
7103980
7104122
7104256
7105002
710554
7105869
7107070
7107303
7107497
7108355
7109010
7110526
7111728
7114133
7119002
7121008
7124801
7125010
7126668
7129924
7130144
713164
713165
7133210
7133255
713357
7135038
7135295
7136030
7137528
7140044
7140280
7142211
714551
7146132
7146809
7147962
7148570
7148706
7150407
715241
7152671
7152767
7153214
7153681
7158823
7159344
7159799
716142
7163756
7165679
7166929
716800
717066
7171278
7172149
7172255
7173848
7176045
7177066
7177091
7178420
717968
7180971
7181227
7182213
7182482
7182545
7183038
7184185
7184435
7185476
7185799
7186858
7186916
7187468
7188217
7188910
71912
7191458
7191695
719365
7193865
7196603
7198472
7199770
7200328
7200831
7200957
7202294
720322
7206314
7208122
7209154
7209487
7209497
7209701
721248
7212971
7213874
7216678
7217055
7217216
7218087
7218898
7219750
7222084
7225235
7229071
7229076
7231538
7233021
7233605
7234966
7235568
7236489
7236789
7237124
7237866
7240188
7240361
7242467
7242581
7242591
7242662
7243602
7246752
7247494
7249203
7249512
7250727
7251575
7251646
7252432
7258020
7260340
726061
7261469
7262127
7262591
7262692
7264010
726462
7265
7265032
7267000
726800
7268743
727331
7273893
7276246
7276436
7276618
727793
7278870
7279344
7280014
7282703
7282805
728406
7284885
7285307
7285384
7285530
7286159
7287419
7288425
7291935
7292277
7292642
7294009
7295219
7295403
7296485
7297223
7299181
729935
7301660
7302665
7304000
7304238
7305551
7307167
7310530
7310790
7310862
7312940
7313052
7313402
7315904
7316249
7316511
7316917
7317675
731848
7319506
7320588
7320723
7321034
7322020
7324576
732592
732629
7326397
7327064
7327708
7329284
732971
7331384
733230
7332357
7334175
7334277
7334365
7335371
7335785
7336353
7336404
7336487
733894
7340296
7340358
734143
7343273
7345743
7347075
7347994
7348551
7349500
7349841
7350255
7351370
7352349
7354272
735498
7355049
7355121
7355552
7356902
7359462
7360599
7360832
7360993
736132
7362335
7362477
7362964
7369526
7370274
7370798
7371161
7371277
7376368
7376654
7376976
7377303
73776
7379652
7381563
7382449
7382791
7383515
738474
7385264
738685
7388518
7388540
7392997
7393061
7393937
7396661
7402707
7403360
7405535
7408031
7408529
7408631
7410429
7411119
7411294
7411635
7412076
7413345
7413484
7415086
7415401
7416520
7418240
7418763
741959
742035
7421635
7421874
7422052
7422143
7422280
7423497
7423712
7423825
7423889
7426027
7428765
7431345
7431382
7431870
7432541
7432572
74335
7433917
7434918
7437022
7439110
743925
7439618
7439643
7440958
7442018
744308
7445196
7445645
7445828
7446114
7446896
7450949
7453777
7453889
7454017
7455081
7455370
7456013
7457555
7458434
7459503
7461106
7461952
7462717
7463848
7464557
7465135
7469572
746974
7469808
7471201
7472144
7472534
7473083
7473317
7474524
7474571
7475570
7476027
7476726
7477705
7478838
7479543
7479607
7481934
7482696
7482970
7482982
7483370
7483910
7485195
7486028
7487203
7487569
7489577
7491819
7492690
7492978
7493380
7494214
7495969
7496044
7499797
7500475
7500767
7500970
7501353
7501522
7502364
7503579
7503693
7504084
7504113
7504158
7505444
7505683
7506087
7506377
7507665
7507946
7507964
7511652
7515613
7515615
7515943
7517215
7519257
7521114
7521484
7521543
7521713
752260
7523954
7524286
7524405
7525477
7528043
7528341
7529972
753112
7532024
7533208
7534782
7535018
7536100
7536443
7537937
7539132
7540389
7541877
7542538
7543375
7543384
7543644
7543943
7546076
7546336
7547346
7548029
7550304
7550901
755250
7552593
7555330
755595
755676
7557687
7558063
7559566
7561075
756212
7562267
7563281
7564165
7565294
7565518
756684
7567011
7567395
7569385
7569711
7570772
7571563
7573539
7573709
7574008
7574447
757479
7576120
7576726
7577956
7579802
7580933
7582692
7582862
75853
7585765
7586278
7586825
7588219
7589339
7590353
7590993
7591031
7591092
7591343
7594051
7594302
7594487
7594502
7595599
7597410
759846
7599889
7600678
7601535
7601602
7602040
7603291
7607495
7609701
761082
7611321
7613809
7616025
7616219
7616387
7617008
7617872
7618688
7619622
7621330
7621692
7624592
7625126
7625212
7625295
7625698
7626568
7628603
7631557
7631711
763176
7632345
7633071
7633076
7633529
7634172
7634279
763428
7635599
764157
7641639
7642037
764344
7644214
7644271
7644967
7647553
7649044
7649105
7649914
7651456
765207
7653464
765442
765532
7657184
7657861
7658666
7659703
7660241
7660574
7660600
7662050
7663079
76638
7665444
7665876
7665880
7666416
7667038
7667267
7668781
767077
7671774
7671796
7672111
7673003
767440
7676096
7678024
7679678
7679791
7679830
7680359
7680657
7680989
7681141
7681280
7681402
7681591
7681906
7682107
7684693
7685340
7686025
768849
7689097
7689422
7689791
7693115
7693226
7694300
7694312
7696503
7698004
7699908
770049
7702968
770462
7706257
7706718
7709005
7709822
7710253
7711448
7712160
7712480
7713676
7714660
7714841
7715413
7715414
7719529
7719606
7723123
7724380
7724393
7727813
7727833
7728479
7730601
7732643
7733045
7733705
7733775
7735202
7735742
7736436
7736513
7736880
7737080
77374
7737500
7737578
7738503
7739046
7739844
7740246
7742186
7742321
7743521
7744039
7744067
7745371
7745457
7746002
774666
7747860
7749399
7750289
7750932
7753143
7754550
7754897
7755690
7756751
7757723
7759511
7760008
776341
77641
776413
7764871
7766430
7766471
7768017
7768252
776942
7769674
7770021
7770295
777088
7771193
7771656
7773441
7774077
7775668
777619
7776377
7777386
7778368
7778917
7779303
7781792
7782596
7782809
7783522
7784244
778466
7785030
7785952
778630
7786593
7787780
7788226
7788245
7788654
7789222
7789366
7791274
7791487
7791583
7792844
7793373
7795089
7795568
7796741
7797562
7798471
7799287
7801335
7802945
7804295
7805222
7805930
7810261
7810380
7812042
7812455
7813054
7813695
7814294
781590
781600
7820123
7820403
7820562
7820634
782169
782183
7821913
7823086
782326
7825300
7826139
7826164
7826248
7827592
7828370
7829922
7832116
7832269
7832503
7832969
7833260
7833671
7834532
7835403
7837255
7838205
7839420
7841360
7841672
7841722
7842122
7842434
7842894
7842975
7843180
7843378
7844306
7844388
7846438
7848711
7848721
7849415
784950
7851699
7853405
785437
7854742
7856479
785720
7858268
7858402
7860889
786202
7862103
7864243
786551
7866280
7867830
7867931
7869443
7869710
7870341
7870956
7872555
787317
7873425
7873541
7874745
7875037
7875835
7876121
7876235
7876583
7878836
788047
788097
7881144
7881716
7881921
788319
7885158
7885813
7886803
7887003
7887203
788797
7888084
7889550
7889667
7890070
7890477
7890546
7893463
7895584
7900706
7900880
7901204
7902323
790661
7907008
7908254
791165
7913943
7913953
7916139
7918663
7920301
7921092
7923753
7923877
7924180
7924287
792463
7925126
7926140
792698
7928035
7928082
7928558
7928920
7929686
7930372
7930549
7931701
7932682
7932952
793390
7935736
7939066
7939940
7940003
7940385
7940918
7940918
7941405
7941991
7942161
7942166
7943949
7944336
7947774
7947889
7948048
7949075
7949483
7951085
7952515
795342
7953715
7954604
7954955
7955686
7956477
7956483
7959037
7960611
7960880
7961276
7964174
7964257
796547
7967243
7968585
7969059
7969591
7970829
7970877
7971145
7972194
7973210
7974440
7975536
7975580
7980632
7981493
7984265
7985945
7988752
798894
7989607
7990994
7992915
7995178
7995898
7996575
7998236
7998943
7999045
7999932
8000314
8001180
8001778
8002635
8003939
8004489
8004922
8005514
8005667
8006945
8007543
8009642
8009889
8012589
8014073
8015358
801551
8018445
8022358
8022763
802467
8024821
8025165
8025332
8026581
8026893
8026993
8027777
8027778
8028181
8034910
8035246
8035298
8035662
8037898
8039756
8039862
8040315
8041214
8041548
8043477
8044201
8046690
8048581
8048877
8049830
8050178
8051165
8051888
8053802
8054318
8056216
805696
8057014
8057159
8057457
8057873
805933
8059765
8062878
8064819
8065882
8065906
8067267
806912
8069225
8069695
8069958
8069972
8072714
8072954
8073146
8073655
8073735
8075845
807753
8079218
8082038
8082320
8083851
8084673
8085602
8086620
8089205
8089638
8090186
8090783
8093216
8093990
8094675
8095530
8097847
8098132
8098363
8101431
8101551
810393
8104989
810502
8105061
8105367
8107669
8108525
8110841
8111571
8111883
8112483
8114707
8114731
8117917
8118449
8119231
8119668
8120869
812110
8121880
8123486
8124266
8124840
8125143
8126751
8127485
8127894
8128214
8128429
812876
8129613
8129742
8130679
8131650
8132746
8133657
8133751
8133806
8134417
8134549
8135113
813660
8137986
8138614
8138706
8139084
8140104
8142423
8145122
8145145
8145212
814593
8146268
8148709
8149547
815024
8151355
815143
8157668
8159694
8160585
816238
8162762
8162835
8163068
8164001
816737
8167520
8168806
8170056
817167
8174578
8174972
817726
8177595
8178115
8178809
8179420
8179515
8180803
8180966
8181885
8181899
8185200
8185272
8185649
8186054
8186203
8187940
8189606
8190100
8192471
8192831
8197025
8197829
8199716
8206926
8207010
82075
8208563
8209288
8211474
8212597
8212751
8213598
8213797
8214251
8217326
8217399
8217688
8219611
8219619
8222296
822278
8225724
8227361
8227945
8229632
8231673
8231844
8232298
8233384
8233820
8235114
8235320
8235394
8237435
8240839
8243235
8244132
8245556
8245739
8247166
8248196
8250611
8251534
825274
8254409
8254855
8255600
8256236
8256748
8258793
8259355
8265598
8265686
8265978
8266223
8267247
8267470
8268466
8271682
8271740
8272393
8272593
8273939
8274188
8274340
8274821
8275049
8275877
8278084
8281757
8282984
8283164
8285107
8285152
828520
8285500
8288835
8292971
8295582
8297810
8297834
8299846
8300033
8301245
8301582
8302395
830247
8303532
8305520
8306088
8306723
8307019
8307518
8307650
8308702
8310177
8312103
8312804
831423
8315123
8315908
8316292
831687
8316967
8317188
8317452
8318073
8318114
8318224
831913
831932
8319336
8319905
8321284
8323294
8324087
8325384
8328822
8329085
8329384
8331435
8332246
8333918
8335445
8336443
8336624
8337436
8337868
8337913
8340270
8341176
8341187
8342634
8345779
8347784
8350870
835236
8352593
8354656
8356438
835647
8357566
8358607
8359134
8359946
8361213
8362115
8363190
836412
8364158
8366010
836617
8366410
8366417
8371636
8371821
8373476
8375208
8375302
8376044
8376145
837662
8379499
83801
8380239
8382489
8382792
838288
8383112
8385384
8388756
8388939
8389881
8390734
8391054
8393284
8394704
8394970
8396105
839766
8397857
8399823
8401283
8401851
8401941
8402133
8404045
8405144
8407391
8410280
8410310
841063
841074
8410960
8411914
841240
8414101
8415653
8416906
8418593
8419568
8420578
8420639
8421542
842251
8424786
8425508
8426328
8426458
8429204
8429502
8429606
8430114
8431104
8432578
8433191
8433494
8433506
8433598
8433862
8435235
8435351
8435440
8435577
8437607
8438685
8439557
8439846
8440001
8440233
8440826
8441057
844188
8442015
8442813
844443
844542
8446370
8446933
8447240
8448168
8449703
8450654
845205
8453248
8455886
8456255
8458266
8458749
8460304
8460738
8461136
8464274
846451
8466371
8468165
8472100
847546
8475825
8476851
8477037
8477353
8477681
8477898
847900
848052
8482818
8483474
8484335
848596
8486340
8488153
8488707
8489413
8490587
8491801
8492401
8492455
8494793
8495838
8496360
8497057
8497311
849745
849753
8498081
8500067
8503504
8504414
8504431
8505394
8506683
8509354
8509445
8509558
8509591
8509962
8510086
8511993
8512234
8512241
8512366
8512408
8514137
8514481
8514487
8514775
8514977
8515632
8517462
8517539
8518759
8521604
8522903
8524071
8526501
8527581
85283
853027
8535099
8538679
8538705
8542548
8543063
8543284
8543400
8544152
8546094
8547023
8547239
854961
8550022
8552307
855322
855432
855514
8555155
8555195
8557095
8558010
8558452
8558536
8560275
8560525
8563365
8566839
8567222
8567222
8567635
8568508
856889
8569928
8571045
8572235
8572895
8572949
8573334
8576296
8576449
8578393
8580460
8580719
8581227
8582004
8582801
85840
8584255
8587106
8588969
8590476
8590529
8590876
8591154
8591923
8592168
8593164
8593403
8593788
8595537
8596100
8596962
8597056
8597593
859765
8598813
8602046
8603013
8603326
8604030
8604039
8604294
8604592
8604875
8607474
8609741
8610370
8611457
8615508
8616474
8616840
8617090
8617149
8617260
8620108
8621205
8622381
8622805
8623381
8624029
8628283
8628745
8630481
8631364
8633065
8633883
8635393
8640059
8641099
8646075
8646783
8648040
8648883
8649906
8652227
8653053
8653148
8653454
8653650
8654592
8656246
8658193
8658911
8660499
8660733
8662841
8663259
8667091
8668357
8669014
8669457
8670397
8670557
8670762
8671512
867181
8673409
8673590
8676177
8677042
8677317
8678813
8679603
8679877
8681512
868215
8683096
8683986
8684027
8684195
8686187
86865
8688860
8689420
8689865
8690899
8694751
8694916
8695112
8695572
8695657
8695678
8696840
8696918
8696991
8697730
869858
8699364
8699446
8699466
8699899
8700277
8701394
870161
87024
8702825
8704505
870642
870642
8706426
8706802
8708308
8708451
8709367
8709387
8709614
8711087
8711331
8711977
8713293
8717169
8719397
8719561
8721186
8721721
8722769
8722820
8722934
8723502
8724945
8725864
8729386
8730229
8730655
8735396
8737597
8738061
8738215
8738953
8741920
8743527
8743566
8750896
8757561
8758012
8758352
8758665
8761052
876125
876186
8765453
8766858
876724
8767851
8769060
8769426
8770317
8771553
877229
8773577
8774955
8775679
8776578
8777193
8777225
877981
8781798
8783047
8783065
8783841
8783874
8784812
878617
8786328
8786628
8788078
8788246
8788939
8788963
8789078
8790362
8791516
8791548
8791687
8791902
8793473
8793540
8794117
879418
8795230
8797236
8797285
8802370
880247
8804157
8804318
8807720
8807732
880962
8809792
8809978
8814927
8815545
8815570
8815821
8816703
8817146
8817403
8820180
8821680
8822033
8823049
8823976
8824359
8825084
8825843
8829463
8830124
8830843
8830979
8831906
8835558
8835678
8837534
8838440
8839172
8840080
8840126
8841789
8842482
8842762
8842775
8843239
8843443
8844266
8848156
8848906
8849542
8849935
8849992
8850206
8851758
885206
8852206
8854630
8855734
8856286
8856347
8857209
8858857
886069
8860973
8861825
8862198
8863159
886594
8866105
8866338
8867133
8867317
8869119
8869481
8871052
8873541
8876123
8876708
8879095
8879908
8881481
8881636
8881909
8881999
888204
888356
888636
8887175
8889533
8891800
8895659
8898440
8898637
890239
8902629
8905233
8905788
8906059
8906141
8906169
8906423
8907535
8908266
8908463
8908603
890996
8911831
8916178
8917084
8918381
8918794
8919003
8919844
8921346
8921550
8923622
892463
892474
8926050
8926636
8927129
8927870
8928034
892979
8933642
8934443
8934646
8935933
8937123
8938144
8939802
8939890
8940342
8942286
8942527
894411
8944163
8944735
8945708
8946568
8946735
89485
894943
894980
895431
8954749
8955761
895577
8956151
8956694
8957245
8958729
8958935
8959329
8960215
8960804
8961004
8961470
8961746
8962349
8962708
8962965
8965915
89660
8967909
8968117
8968675
8970185
8970342
8970453
8973433
897378
8974014
897529
8975508
8976920
8977880
8986030
8987169
8988674
8989214
8989725
8990012
8992233
8993100
8993299
8993503
8994184
8994613
8996163
899619
8997337
8997424
8998080
8998274
8999065
8999500
9000727
9001408
900152
900242
90047
9007808
9008199
9008723
900884
9009012
9010050
9011348
9013242
9018103
9019049
9020156
9020891
9021254
9021729
9022488
9023638
9024183
9024838
9025309
9026154
9026229
9026450
9026552
9027388
9028536
9028577
9029317
9030118
9030863
9031209
9032161
9035168
9036529
9036928
903765
9037691
9037866
9038114
9038586
903971
9040440
9042350
9044051
904472
9044786
9047250
9047286
9048640
9048718
9051756
9052189
9052653
9053879
9055831
9055904
9057182
9058505
9059146
9059389
905972
9060534
90612
9061432
9061816
9062174
9062189
906219
9062485
9062644
9062651
906308
9063428
9065753
9066778
9066820
9066825
9067011
9068965
9069252
9071781
9072732
9073831
9074685
907555
9079482
9079615
9080581
9081121
9081613
9082313
9082379
90826
9082670
9082812
9082869
9084360
9085939
9086140
9087351
9087719
9088561
9090321
9090955
9092070
9093090
909355
9094300
9094740
9097231
9097343
9099707
9100003
9100283
9100470
9101756
9105371
9105506
9106478
9107248
9107448
9108629
9110045
9111056
9112615
9112810
9114411
9114956
9116700
9117269
9117883
9118477
9119077
9119688
9119912
9120207
9120714
9122561
9123356
9124375
9126105
9128087
9128323
9128562
9129992
9130162
9132064
913466
9137284
9138318
9138893
9138941
9139088
9139952
9140176
9141369
9142061
9142351
9145057
9145489
9146023
9146701
9148029
9150801
9153501
9153922
9154313
9156212
915727
9158998
9159162
9161838
9162708
9163443
9163484
9164088
9165312
9165920
9166428
9166815
9166972
9167691
9169054
9170051
9170618
9171881
9172099
9172493
9174738
9175590
9176426
9176608
9177418
9179555
9184203
9184450
9185386
9186462
9187873
9188090
9188727
9189511
9193927
9194330
9194406
9194808
9194976
9195355
9195755
9196992
9197302
9197890
9198606
920052
9201160
9202312
9203952
9204746
9204909
9205103
9205390
9205809
9206792
9211343
9211841
9212145
9212665
9213731
9213848
9215423
921561
9216974
9217102
9217477
9219717
9219872
9221427
922155
9222903
9224064
9226631
9226778
9228034
9228166
9228870
922959
9233023
9234089
9234613
9235218
9235966
923669
9238263
9239291
9239429
9242735
9243501
9244966
9246460
9246685
9249501
9250081
9250087
9250584
9250687
9251215
925240
9252701
925398
9255068
9255598
9258740
9258990
9260094
9261840
9261949
9262123
9262570
926395
9266459
9267115
9267763
926876
9269611
9270193
9270952
9271516
9271751
9271786
9273050
9273162
9274296
9274523
9275047
927628
9276346
9280134
9281130
9284023
928748
9289290
9289417
9289595
9290237
9291582
9292407
9294730
9297166
9298379
9298458
9299874
93003
9301153
9301411
9301954
9302857
9303050
9303486
9303507
9303755
9304627
9305038
9305699
9305887
9308459
9309607
9310239
9311037
9312998
9315661
9316983
9317532
9318396
9318407
9318565
9320054
9320296
9321426
9322039
9322725
9322817
9323450
9323620
932434
9324585
9327484
9329396
9329937
9329957
9331309
9333131
9336110
9337435
9340193
9340659
9341310
9345473
93471
9347441
9347721
9348136
9348903
9349540
9350288
9352182
9352274
9352650
9352960
9353758
9353887
9355785
9363158
9363753
9364432
9365846
9367186
9368081
9369491
9371382
9371679
9373837
9374645
9375017
9375914
9375978
9379033
9379323
9379457
9381302
938156
9382422
9384411
9385043
9389394
9390660
9391844
9393740
9396432
9398814
9399305
9407775
9407895
9410202
9411191
9412170
941407
9414565
9415818
941732
9419195
9419803
9419930
9420941
9422359
9423418
942573
9425826
9425982
9427087
9430226
9430930
9432165
9432206
9432627
94340
9434225
9435445
9436437
9436939
9438565
9439456
9439744
9440299
9440322
9440957
9441584
9443397
9445646
9446188
9449314
9452731
94553
9455542
9459655
9460708
9460881
9462229
9462734
9463032
9463152
9464200
946459
9465039
9465493
9465867
946790
9468705
9469022
9469072
946916
9472753
9473281
9473678
9474703
9477566
9479040
9479411
9482615
9484867
9485024
9485322
9489671
9492403
9492502
9493172
9494209
9494338
9494877
9496670
9497543
949781
9498683
9499637
949983
9500145
9501226
9502016
9503165
9507388
9509122
9510973
9511194
95130
9513351
951380
951508
9517393
9518963
9519377
9519807
951997
9521000
9521483
9522552
9523733
9523857
9524063
9524717
9524798
9525495
9526824
952694
9526985
9528513
9529930
9530416
9530505
9533258
9533515
9534557
9534856
9535437
9536020
9536045
9536738
9538168
9539852
9541169
9541668
9541996
954256
9542561
9544427
9544495
9547450
9548002
9549352
9549483
9550015
9550588
9552778
9553279
9554697
9555742
9556340
955826
9559090
9559130
9560038
9561030
9561255
9562048
9562133
95639
9565147
9566243
9566308
9566391
9566621
9567892
9570866
9571701
9571881
9574378
9578009
9578672
958041
9580933
9582451
9582473
9582937
9583109
9584514
9585433
9586509
9587457
9588162
9588170
9589019
95891
9589343
959136
9591437
9591866
9592658
9593051
959398
9594333
95954
9595957
9596660
9597364
9597824
9597940
9599682
9601316
9602504
9607417
9607875
9608999
9609253
9610873
961263
9613105
9615418
9616416
9616446
9616979
9618834
9619790
9620753
9623505
9623902
962995
9630386
9630845
9632468
9633918
9636530
9636534
9636681
9637026
9637066
9638382
9638643
9640436
9640958
9647124
9647726
9647954
9648260
9648522
9649351
964977
9649853
9652768
9655228
9658387
9659183
965948
9660956
9661196
9661213
9662238
9664761
9665162
9665755
9668
9668363
9669427
9669451
9669828
9669916
966993
9673032
9674617
967583
9675947
9677476
9677841
9677897
96789
9679100
9679132
9679742
9679970
9680616
9681309
9682244
9682439
9684071
9684273
9685195
9685380
9686461
9688354
9690019
9690771
9691265
9692555
9692636
9692978
9693355
9695494
9695818
9696099
9697056
9697102
9697780
9698392
9698981
9699473
9699766
9702236
9703806
9704261
9706935
9707060
9708020
9708452
9708915
9709775
9711877
9712366
9712620
9715472
971584
9716186
9717685
9719140
9719690
9720499
9720976
9722131
9723488
9723925
9724429
9724759
9728814
9728945
9728977
9729016
972931
9730030
9731013
9732261
9732432
9734567
9736918
9737837
9738335
9738367
973890
9739282
9741871
9744570
9746194
9746530
9747496
9748403
9748729
9749066
9750867
9750911
9751042
9751312
9751766
9751875
9755167
975751
9757798
9760826
9761713
9762461
9763881
9765937
9766450
9766521
9767429
9769252
9771017
9773150
9775128
9776909
9777119
9777273
9777331
9779654
9779679
9779899
9780299
9781186
9781846
9784458
9786028
9786038
9786271
9789779
9790620
9791170
9792169
9792742
9793357
9793454
9796635
9796787
9798389
9803163
9804120
9805290
9807183
9807428
9807564
9807790
9808116
9808796
9809186
980987
9810217
9810432
9810603
9813093
9814468
9814843
9815195
9815433
9817428
9817808
9819008
9820599
9823094
9827072
9829259
9831226
9831245
9832773
983389
983551
9836046
9837617
9837937
9838865
9841117
9841924
9842608
9843815
9845002
9846537
9848643
9848997
9849771
9849831
9851133
9851252
9851620
9853173
9858723
9859795
9859965
9860859
9861637
9862299
9863181
9863647
9863692
9864267
9864432
9864743
9865347
9865546
9866140
9866245
986706
9867475
9868098
9868970
9869149
987035
9870424
9872046
9873176
9874345
987435
9875573
9875691
9877129
9878085
9882722
9884216
9885113
9885702
9887044
9888170
9888923
9889907
989017
9893798
9897894
9898289
9898981
9900611
9902166
9903084
9903961
990487
9908095
9908233
990873
9911279
9913083
9913556
99136
9915079
9915494
9915585
9916002
9916611
9916868
9917230
9917673
9921250
9921697
9921723
9922305
9922525
9922811
9923030
9923824
9925028
9927811
9928458
9929148
9929631
9931512
9932290
9932467
9933356
9933792
9934746
9935783
9936293
9937099
9937451
9937936
9937952
9943004
9944921
9945476
9945979
9946187
9947516
9948523
9948741
9948972
99492
9949713
9950153
9950835
9950862
9953122
995374
995449
9955702
9957183
9957354
995737
9959982
9960036
9961153
9962799
9963731
9965357
9965601
9968050
9972898
9973831
9975487
9975706
9977476
9977535
9980940
998147
9981957
9983411
9983753
9986087
9989593
9989694
9991333
9992133
9993285
99937
9993739
9995813
9999634
9999820
